#Data : Y - Lagrange strain

               0   2.66453526e-15 
   0.00100000005  -2.69428383e-05 
   0.00118043262  -2.14116117e-05 
    0.0013673763  -2.08204492e-05 
   0.00156627491  -2.02170067e-05 
   0.00178191485  -1.99402493e-05 
   0.00201872922  -1.93392116e-05 
   0.00228102878  -1.90654719e-05 
   0.00257318164  -1.75566474e-05 
   0.00289975922  -1.69748564e-05 
   0.00326566119   -1.6409098e-05 
    0.0036762259  -1.55343678e-05 
   0.00413733535  -1.37393636e-05 
    0.0046555195  -1.22620431e-05 
   0.00523806131  -1.11164782e-05 
   0.00589310797   -9.0406611e-06 
   0.00662979484  -6.98663962e-06 
    0.0074583739   -5.2696596e-06 
   0.00839036331  -2.04704202e-06 
   0.00943870749   1.45802323e-06 
    0.0106179575   5.56207669e-06 
    0.0119444784   1.02601934e-05 
    0.0134366732   1.46528309e-05 
    0.0151152387   2.05784654e-05 
    0.0170034543   2.55812793e-05 
    0.0191275049    3.3023407e-05 
    0.0215168409   4.07219813e-05 
    0.0242045838   5.05226017e-05 
    0.0272279941   6.18072663e-05 
    0.0306289755   7.61254923e-05 
    0.0344546586    9.2049966e-05 
    0.0387580544   0.000109594977 
    0.0435987748   0.000128537489 
    0.0490438752   0.000152017252 
    0.0551687516   0.000180815303 
    0.0620582029   0.000208703263 
    0.0698075816   0.000238733061 
    0.0785241053   0.000276099367 
    0.0883283466   0.000306776259 
    0.0993558392    0.00033266141 
        0.111759    0.00035974005 
     0.125709131   0.000372384849 
     0.141398832   0.000376972399 
     0.159044549    0.00036994199 
     0.178889558   0.000351264665 
     0.201207235   0.000327268586 
      0.22630474   0.000316729624 
     0.254527122   0.000346462708 
     0.286261946   0.000361231127 
     0.321944535   0.000365140935 
     0.362063527   0.000365255401 
     0.407167494   0.000368531211 
     0.457872003   0.000325374509 
     0.514867723   0.000172979286 
     0.578929007  -8.20815512e-06 
     0.650924087  -6.41658553e-05 
     0.731825829    0.00020527278 
     0.822723687   0.000372558425 
     0.924837351   0.000349676789 
      1.03953087   0.000364416104 
      1.16832948   0.000223569878 
      1.31293631   -5.5499564e-05 
      1.46049607   0.000371237198 
      1.63032138   0.000365816028 
      1.82385945   0.000253007456 
      2.04306102   8.78472201e-05 
      2.11049938   0.000326325302 
      2.23867512   0.000313052908 
      2.41982365   0.000369040412 
      2.64952064  -4.61640484e-05 
      2.77512002   0.000335115445 
      2.97239661   0.000363092084 
      3.23364139    9.6597556e-05 
      3.49639392   0.000375769363 
      3.82745481   0.000286782975 
      4.22405577   0.000329203118 
      4.68601179  -4.57785354e-05 
      5.21513319   0.000145483966 
      5.81480408   0.000326505135 
      6.48967791   0.000271928293 
       7.2454586   3.24421708e-05 
      8.08872509   0.000225131444 
      9.02678967   0.000367177359 
      10.0675621   0.000117820382 
      11.2194214   0.000166376602 
      12.4910545    0.00034986221 
      13.8912868  -3.29928116e-05 
      15.4288692  -3.32824893e-05 
       17.112215  -3.32824893e-05 
      18.9491024  -3.32824893e-05 
       20.946312  -3.32824893e-05 
              23  -3.32824893e-05 
      25.3303165  -3.32824893e-05 
      27.8296967  -3.32824893e-05 
              30  -3.32824893e-05 
