#Data : Y - Lagrange strain

               0   2.66453526e-15 
   0.00100000005   0.000354460703 
   0.00118043262   0.000356401404 
    0.0013673763   0.000356096716 
   0.00156627491   0.000356118078 
   0.00178191485   0.000355814438 
   0.00201872922   0.000356136996 
   0.00228102878    0.00035552273 
   0.00257318164   0.000356160133 
   0.00289975922   0.000356173608 
   0.00326566119   0.000355875993 
    0.0036762259   0.000355593394 
   0.00413733535   0.000355299708 
    0.0046555195   0.000355333701 
   0.00523806131   0.000355357392 
   0.00589310797   0.000355383585 
   0.00662979484   0.000354514021 
    0.0074583739   0.000354234013 
   0.00839036331   0.000354283402 
   0.00943870749   0.000353724259 
    0.0106179575   0.000352557487 
    0.0119444784   0.000351395429 
    0.0134366732   0.000350538321 
    0.0151152387   0.000350311428 
    0.0170034543   0.000349477923 
    0.0191275049   0.000348353031 
    0.0215168409   0.000346628309 
    0.0242045838   0.000344918371 
    0.0272279941   0.000342623185 
    0.0306289755   0.000339104125 
    0.0344546586   0.000334057229 
    0.0387580544   0.000330243696 
    0.0435987748   0.000324556313 
    0.0490438752   0.000316081103 
    0.0551687516   0.000305118388 
    0.0620582029   0.000295085541 
    0.0698075816   0.000283789443 
    0.0785241053   0.000269515673 
    0.0883283466   0.000254734594 
    0.0993558392    0.00023831577 
        0.111759   0.000218961111 
     0.125709131   0.000204381184 
     0.141398832   0.000184195291 
     0.159044549   0.000157584684 
     0.178889558   0.000125768755 
     0.201207235   9.35268836e-05 
      0.22630474   6.67604982e-05 
     0.254527122   5.78041327e-05 
     0.286261946   8.69040814e-05 
     0.321944535   0.000160997195 
     0.362063527   0.000265130424 
     0.407167494   0.000345781766 
     0.457872003   0.000348988047 
     0.514867723   0.000302451808 
     0.578929007   0.000352974894 
     0.650924087   0.000364526029 
     0.731825829    0.00035624305 
     0.822723687   0.000244320225 
     0.924837351   0.000112637834 
      1.03953087   0.000138992968 
       1.1566205   0.000358850259 
      1.29144943    0.00034258503 
      1.44519186   0.000360260659 
      1.61943042   0.000142083707 
      1.81612122    0.00024169145 
      2.03757811   0.000352870062 
      2.28646851   0.000229224766 
      2.56581974   0.000299680774 
       2.8790307   0.000362522813 
       3.2298913   0.000169426741 
       3.5511992   0.000363316911 
       3.9309144   0.000134989124 
      4.01071596   0.000324158202 
      4.21229792   0.000357972982 
      4.51785803   0.000128222411 
      4.88022995   0.000310927484 
      5.33588505   8.17778491e-05 
      5.88058662   0.000234795909 
      6.51352453   0.000352856616 
      7.23648214   0.000354881777 
      8.05322266   0.000218589354 
      8.96903419   0.000108064829 
      9.80467415   0.000339147169 
      10.7852116    0.00036312014 
      11.9082727    0.00021827982 
       13.174799   0.000155721544 
      14.5879917   0.000195532601 
      16.1524563   7.51833722e-05 
      17.7170277   0.000336085883 
      19.4715633   0.000360338192 
      21.4130173   0.000319790182 
              23   0.000361037819 
      25.3012314   0.000296576007 
      27.7769318   0.000336453202 
              30   0.000333615957 
