#Data : Y - Lagrange strain

               0   2.66453526e-15 
   0.00100000005   0.000370154943 
   0.00118043262   0.000365341693 
    0.0013673763   0.000365341111 
   0.00156627491   0.000365653221 
   0.00178191485     0.0003656396 
   0.00201872922   0.000365339423 
   0.00228102878     0.0003656646 
   0.00257318164   0.000365338376 
   0.00289975922   0.000365337881 
   0.00326566119   0.000365337473 
    0.0036762259   0.000365337241 
   0.00413733535   0.000365649816 
    0.0046555195   0.000365337357 
   0.00523806131   0.000365650601 
   0.00589310797   0.000366263936 
   0.00662979484   0.000365953136 
    0.0074583739   0.000365343905 
   0.00839036331   0.000365349348 
   0.00943870749   0.000366269058 
    0.0106179575   0.000365366868 
    0.0119444784   0.000365989079 
    0.0134366732   0.000365682674 
    0.0151152387   0.000365682616 
    0.0170034543   0.000366290536 
    0.0191275049   0.000365675922 
    0.0215168409   0.000366298365 
    0.0242045838   0.000366322201 
    0.0272279941   0.000366343418 
    0.0306289755   0.000366035441 
    0.0344546586   0.000366038526 
    0.0387580544   0.000366357883 
    0.0435987748   0.000366676977 
    0.0490438752    0.00036637942 
    0.0551687516   0.000365755637 
    0.0620582029   0.000366711291 
    0.0698075816   0.000367394066 
    0.0785241053   0.000367139466 
    0.0883283466   0.000366976892 
    0.0993558392   0.000367826375 
        0.111759   0.000369209709 
     0.125709131   0.000366931316 
     0.141398832   0.000365314976 
     0.159044549   0.000361088925 
     0.178889558   0.000351616443 
     0.201207235   0.000336915778 
      0.22630474   0.000318579434 
     0.254527122   0.000285903923 
     0.286261946    0.00024593214 
     0.321944535   0.000188753824 
     0.362063527   0.000141459881 
     0.407167494     0.0001738836 
     0.457872003   0.000274498801 
     0.514867723    0.00036259304 
     0.578929007    0.00035025191 
     0.650924087   0.000292166078 
     0.731825829   0.000363675616 
     0.822723687   0.000367396482 
     0.924837351    0.00036029343 
      1.03953087   0.000251355494 
      1.16832948   0.000158222771 
       1.2866441   0.000372316164 
       1.4270072   0.000308710471 
       1.5899086   0.000365839776 
      1.77650559   0.000277324929 
      1.98851967   0.000317803177 
      2.22817135   0.000351121853 
      2.49814224   0.000315420009 
      2.80155563     0.0003709663 
      3.14197373   0.000364804524 
      3.52340031   0.000307663955 
      3.95029259   0.000367113593 
      4.42757607   0.000303517125 
      4.96065712   0.000116293399 
      5.06879902   0.000307498995 
      5.32705927   0.000363455445 
      5.71356678   0.000120561781 
       5.8502574   0.000334428827 
      6.15584707   0.000368913461 
       6.6059885   0.000316519843 
      7.18551826   0.000243957402 
      7.88599682   0.000304209912 
      8.70392323   0.000230904028 
      9.63942337   0.000298656407 
       10.695282   0.000364813604 
       11.876195   0.000212339277 
      13.1881771    0.00033319791 
      14.6380634   0.000363186147 
      16.2330532   0.000328426424 
      17.9802761   0.000235100699 
      19.8863468   0.000367061322 
      21.9568996   0.000288503943 
              23   0.000365663349 
      25.3913517   0.000293895428 
      27.9404144   0.000346264162 
              30   0.000264083093 
