#Data : Y - Lagrange strain

               0   2.66453526e-15 
   0.00100000005   9.20451057e-05 
   0.00118043262   9.99029144e-05 
    0.0013673763   9.99029726e-05 
   0.00156627491    9.9903009e-05 
   0.00178191485   9.99031181e-05 
   0.00201872922   9.99031618e-05 
   0.00228102878   9.99032345e-05 
   0.00257318164   9.99033437e-05 
   0.00289975922   9.95908849e-05 
   0.00326566119   9.99165713e-05 
    0.0036762259   9.96041636e-05 
   0.00413733535   9.99038166e-05 
    0.0046555195   9.99039694e-05 
   0.00523806131   9.96045928e-05 
   0.00589310797   9.99043041e-05 
   0.00662979484   0.000100204103 
    0.0074583739    9.9904777e-05 
   0.00839036331   9.99050535e-05 
   0.00943870749   0.000100204976 
    0.0106179575   9.98926989e-05 
    0.0119444784   0.000100205689 
    0.0134366732   9.98936011e-05 
    0.0151152387   0.000100193603 
    0.0170034543   0.000100806319 
    0.0191275049   0.000100194935 
    0.0215168409    0.00010112032 
    0.0242045838   0.000101121201 
    0.0272279941   0.000101109108 
    0.0306289755   0.000101422804 
    0.0344546586    0.00010142407 
    0.0387580544   0.000101412457 
    0.0435987748   0.000102026199 
    0.0490438752   0.000102327591 
    0.0551687516   0.000102629267 
    0.0620582029   0.000102944367 
    0.0698075816   0.000103546219 
    0.0785241053   0.000103536484 
    0.0883283466   0.000103839811 
    0.0993558392   0.000104755803 
        0.111759    0.00010567256 
     0.125709131   0.000105978041 
     0.141398832   0.000106883541 
     0.159044549   0.000107490756 
     0.178889558   0.000108398919 
     0.201207235   0.000109920962 
      0.22630474   0.000111445086 
     0.254527122   0.000112047055 
     0.286261946   0.000114188937 
     0.321944535   0.000115709387 
     0.362063527   0.000118458745 
     0.407167494   0.000120302197 
     0.457872003   0.000123350779 
     0.514867723   0.000125496386 
     0.578929007   0.000129176478 
     0.650924087   0.000133182533 
     0.731825829   0.000137790965 
     0.822723687   0.000142107223 
     0.924837351    0.00014736013 
      1.03953087   0.000153255678 
      1.16832948   0.000159774136 
      1.31293631   0.000167248116 
      1.47525203   0.000174759654 
      1.65739584   0.000183864671 
        1.861727   0.000193302942 
      2.09086895   0.000204024807 
      2.34773469   0.000214773492 
       2.6355536   0.000226188058 
      2.95789766   0.000237897606 
      3.31871057   0.000250813609 
      3.72233438    0.00026368993 
      4.17353678   0.000276181876 
      4.67753601   0.000289121614 
      5.24002075   0.000300016778 
      5.86716652   0.000309861673 
      6.56564426   0.000316867576 
      7.34261847   0.000321254716 
      8.20572948   0.000323593791 
      9.16306305   0.000325277913 
      10.2230911    0.00032885067 
      11.3945942   0.000331801042 
      12.6865425   0.000332822732 
      14.1079416   0.000332988478 
      15.6676378   0.000333637028 
      17.3740635   0.000333171542 
      19.2349377   0.000333720527 
      21.2569065   0.000333268632 
              23   0.000333818287 
      25.3505707   0.000331994903 
      27.8664379   0.000366026274 
              30   0.000406959094 
