#Data : Y - Lagrange strain

               0   2.66453526e-15 
   0.00100000005   0.000267217896 
   0.00118043262   0.000273313228 
    0.0013673763   0.000273322396 
   0.00156627491   0.000273957849 
   0.00178191485   0.000274282676 
   0.00201872922   0.000274609803 
   0.00228102878   0.000274939666 
   0.00257318164   0.000275272614 
   0.00289975922   0.000276208622 
   0.00326566119   0.000276862149 
    0.0036762259   0.000277506886 
   0.00413733535   0.000278769236 
    0.0046555195   0.000279112108 
   0.00523806131   0.000280385662 
   0.00589310797   0.000281053479 
   0.00662979484   0.000282639608 
    0.0074583739   0.000284232665 
   0.00839036331   0.000285504531 
   0.00943870749   0.000287407282 
    0.0106179575   0.000289004529 
    0.0119444784   0.000291525153 
    0.0134366732   0.000294064521 
    0.0151152387   0.000296924816 
    0.0170034543   0.000299480627 
    0.0191275049   0.000303293695 
    0.0215168409   0.000307421957 
    0.0242045838   0.000311541662 
    0.0272279941   0.000316913414 
    0.0306289755   0.000323816552 
    0.0344546586   0.000330755021 
    0.0387580544   0.000338700163 
    0.0435987748   0.000343718944 
    0.0490438752   0.000349444221 
    0.0551687516   0.000356846547 
    0.0620582029   0.000364062522 
    0.0698075816   0.000368037814 
    0.0785241053   0.000372023496 
    0.0883283466    0.00037431778 
    0.0993558392   0.000374943367 
        0.111759   0.000369574525 
     0.125709131   0.000361335755 
     0.141398832   0.000347791996 
     0.159044549   0.000329433358 
     0.178889558   0.000309920462 
     0.201207235   0.000298269879 
      0.22630474   0.000299774721 
     0.254527122   0.000341243926 
     0.286261946   0.000367024099 
     0.321944535   0.000373849325 
     0.362063527   0.000374635536 
     0.407167494   0.000375591859 
     0.457872003   0.000376247655 
     0.514867723   0.000352032046 
     0.578929007   0.000257515756 
     0.650924087   0.000180555959 
     0.731825829   0.000194516761 
     0.822723687   0.000348369475 
     0.924837351   0.000338564889 
      1.03953087   0.000359641679 
      1.16832948   0.000375484553 
      1.31293631   0.000324444263 
      1.47525203   0.000157618939 
      1.62427878   0.000371870759 
      1.80096841   0.000351112685 
      2.00590134   0.000373800489 
      2.24048519   0.000148284496 
      2.38575983   0.000365395797 
      2.58559966   0.000357882818 
      2.83587122   0.000348179397 
       3.1349299   0.000344576256 
       3.4830339    0.00037571296 
      3.88193464   0.000302345463 
      4.33459044   0.000373632152 
      4.84496832   0.000293779478 
      5.41790485   0.000307541544 
      6.05900717   0.000209149934 
      6.77457905   0.000251773658 
      7.57155561   0.000262053072 
       8.4574461   0.000310268428 
      9.44026279     0.0002963765 
      10.5284395   0.000344594679 
      11.7307243   0.000316665421 
      13.0560493   0.000224573931 
      14.5133486   0.000226592194 
      16.1113491   0.000213008025 
      17.8582993   0.000368026696 
       19.761652   0.000369253947 
      21.8276787   0.000306210597 
              23   0.000239178436 
       25.386692   0.000170458079 
       27.931963   0.000330388721 
              30   0.000225492098 
