#Data : Y - Lagrange strain

               0   2.66453526e-15 
   0.00100000005   0.000343958876 
   0.00118043262   0.000343813619 
    0.0013673763    0.00034443778 
   0.00156627491   0.000343838183 
   0.00178191485   0.000343851832 
   0.00201872922   0.000344179687 
   0.00228102878   0.000344196596 
   0.00257318164   0.000344215397 
   0.00289975922    0.00034392401 
   0.00326566119   0.000343947846 
    0.0036762259   0.000343974622 
   0.00413733535   0.000344017986 
    0.0046555195   0.000344351807 
   0.00523806131   0.000344078027 
   0.00589310797   0.000344434782 
   0.00662979484   0.000344484579 
    0.0074583739   0.000344242173 
   0.00839036331   0.000343695836 
   0.00943870749   0.000343772146 
    0.0106179575   0.000344483851 
    0.0119444784   0.000343666965 
    0.0134366732   0.000343768334 
    0.0151152387    0.00034326376 
    0.0170034543   0.000343078515 
    0.0191275049   0.000342300278 
    0.0215168409   0.000341521256 
    0.0242045838   0.000339820777 
    0.0272279941   0.000339084974 
    0.0306289755   0.000337849458 
    0.0344546586   0.000336613186 
    0.0387580544    0.00033477621 
    0.0435987748   0.000332635245 
    0.0490438752   0.000329592905 
    0.0551687516    0.00032431219 
    0.0620582029   0.000317292172 
    0.0698075816   0.000311986572 
    0.0785241053   0.000303181092 
    0.0883283466   0.000292634126 
    0.0993558392   0.000281689427 
        0.111759   0.000268170348 
     0.125709131   0.000249836332 
     0.141398832   0.000223824754 
     0.159044549   0.000188043196 
     0.178889558   0.000137164869 
     0.201207235   9.41536127e-05 
      0.22630474   6.29213973e-05 
     0.254527122   5.42860798e-05 
     0.286261946   8.69305732e-05 
     0.321944535   0.000161037489 
     0.362063527   0.000264465518 
     0.407167494   0.000333327946 
     0.457872003   0.000342774612 
     0.514867723   0.000315529382 
     0.578929007   0.000330290728 
     0.650924087   0.000337894249 
     0.731825829   0.000344401429 
     0.822723687   0.000290482916 
     0.924837351    0.00010596092 
      1.03953087   0.000118746633 
       1.1566205   0.000345603446 
      1.29144943   0.000325313071 
      1.44519186   0.000343140244 
      1.61943042   0.000173860724 
      1.81612122   0.000262257643 
      2.03757811   0.000333177159 
      2.28646851   0.000290979748 
      2.56581974   0.000284580892 
       2.8790307   0.000342104875 
       3.2298913   6.41485458e-05 
      3.33699393   0.000321662374 
      3.53825641   0.000336018013 
      3.82150817   0.000177311915 
      4.17966652   0.000314283738 
      4.60942936   6.05434216e-05 
      4.79157925   0.000315886748 
      5.10023069    0.00034233398 
      5.51989365   0.000302175293 
      6.04157305   0.000165681762 
      6.66106844   0.000329413102 
      7.37775135   0.000332602503 
      8.19367218   0.000269432203 
      9.11290455   7.09961678e-05 
      9.86063957     0.0001757516 
      10.7723932   0.000321207452 
       11.840085   0.000287772389 
      13.0605602   0.000325994886 
      14.4340916   0.000331374671 
      15.9632158   0.000311203243 
      17.6517849   0.000343397376 
      19.5041676   0.000324632507 
      21.5245228   4.20774086e-05 
              23   4.00222852e-05 
       25.353281   0.000216198663 
       27.871357   0.000341180712 
              30   0.000333127886 
