#Data : Y - Lagrange strain

               0   2.66453526e-15 
   0.00100000005   0.000302076456 
   0.00118043262   0.000309040362 
    0.0013673763   0.000309030205 
   0.00156627491   0.000308121962 
   0.00178191485   0.000309050403 
   0.00201872922   0.000308142393 
   0.00228102878   0.000308445975 
   0.00257318164   0.000307850569 
   0.00289975922    0.00030785444 
   0.00326566119   0.000307558657 
    0.0036762259   0.000307262613 
   0.00413733535    0.00030726564 
    0.0046555195   0.000306356058 
   0.00523806131   0.000305758091 
   0.00589310797   0.000306069851 
   0.00662979484   0.000304868241 
    0.0074583739   0.000303949317 
   0.00839036331   0.000302734901 
   0.00943870749   0.000302110828 
    0.0106179575   0.000300580985 
    0.0119444784   0.000299023319 
    0.0134366732   0.000298425381 
    0.0151152387   0.000297205377 
    0.0170034543   0.000296294835 
    0.0191275049   0.000294777594 
    0.0215168409   0.000293552584 
    0.0242045838   0.000291683245 
    0.0272279941   0.000288270297 
    0.0306289755   0.000284511421 
    0.0344546586   0.000279510539 
    0.0387580544   0.000275097147 
    0.0435987748   0.000268491858 
    0.0490438752   0.000259607623 
    0.0551687516   0.000248156546 
    0.0620582029    0.00023666225 
    0.0698075816   0.000219130467 
    0.0785241053     0.0001953178 
    0.0883283466   0.000164488825 
    0.0993558392   0.000124563798 
        0.111759     8.570707e-05 
     0.125709131   4.68395374e-05 
     0.141398832   1.10837464e-05 
     0.159044549  -2.09585869e-05 
     0.178889558  -4.70939303e-05 
     0.201207235  -5.82683788e-05 
      0.22630474  -3.91893445e-05 
     0.254527122   2.26189331e-05 
     0.286261946   0.000129789682 
     0.321944535   0.000260784349 
     0.362063527   0.000343904307 
     0.407167494    0.00033793808 
     0.457872003   0.000291898497 
     0.514867723   0.000330805749 
     0.578929007    0.00033611586 
     0.650924087   0.000338784565 
     0.731825829   0.000294951169 
     0.822723687    8.9326968e-05 
     0.924837351  -4.15598188e-05 
      1.03953087   0.000292964978 
      1.16832948   0.000289096817 
      1.31293631    0.00033494088 
      1.47525203   0.000264928269 
      1.65739584    3.0588144e-05 
      1.75027359    0.00031344578 
      1.88640594   0.000300186948 
      2.06183934   0.000340380589 
      2.27474308  -5.36094012e-06 
       2.4794209   0.000349182228 
      2.72996521   0.000336656987 
      3.02567649  -4.62974713e-05 
      3.21209979   0.000350991875 
      3.47266746   0.000342267595 
      3.80119634   9.61744036e-08 
       3.8727808   0.000264737289 
      4.06328392   0.000328719907 
      4.35513973   0.000150773441 
      4.73754168   0.000287625007 
      5.20466852  -3.42243766e-05 
      5.75441265   0.000258570712 
      6.38747025   0.000329872622 
      7.10668135   0.000325485249 
      7.91655016   0.000219391877 
      8.82288074   7.79093025e-05 
      9.55714321   0.000175427063 
      10.2874403   0.000246570155 
       11.196907   0.000331713934 
      12.2740335  -2.22257859e-05 
      13.5131664   0.000311562704 
      14.9127283   0.000319175568 
      16.4738407   -1.9124891e-06 
      18.0423756   0.000257370644 
      19.8067627   0.000334449462 
      21.7624702   0.000332428928 
              23   0.000315588375 
      25.3151932   0.000336059486 
      27.8022614  -1.79759409e-05 
              30   0.000261465495 
