#Data : Y - Lagrange strain

               0   2.66453526e-15 
   0.00100000005   8.57722771e-05 
   0.00118043262   8.15380627e-05 
    0.0013673763   8.15511958e-05 
   0.00156627491   8.21502763e-05 
   0.00178191485   8.15381718e-05 
   0.00201872922   8.15382082e-05 
   0.00228102878   8.15382591e-05 
   0.00257318164   8.15383319e-05 
   0.00289975922   8.18509434e-05 
   0.00326566119   8.18510234e-05 
    0.0036762259   8.15515668e-05 
   0.00413733535   8.18511617e-05 
    0.0046555195   8.12391736e-05 
   0.00523806131   8.18513436e-05 
   0.00589310797    8.1551967e-05 
   0.00662979484   8.15390231e-05 
    0.0074583739   8.15391759e-05 
   0.00839036331   8.18518965e-05 
   0.00943870749   8.15525927e-05 
    0.0106179575    8.1552811e-05 
    0.0119444784   8.09409612e-05 
    0.0134366732   8.18527842e-05 
    0.0151152387   8.15535823e-05 
    0.0170034543   8.15539315e-05 
    0.0191275049   8.06296885e-05 
    0.0215168409   8.12552098e-05 
    0.0242045838   8.09561898e-05 
    0.0272279941   8.03446746e-05 
    0.0306289755   8.06448079e-05 
    0.0344546586   8.03460425e-05 
    0.0387580544    8.0047299e-05 
    0.0435987748   7.97356843e-05 
    0.0490438752   8.00493217e-05 
    0.0551687516    8.0050515e-05 
    0.0620582029   7.88407997e-05 
    0.0698075816   7.94414009e-05 
    0.0785241053    7.8531637e-05 
    0.0883283466   7.85598313e-05 
    0.0993558392   7.76506567e-05 
        0.111759   7.76534143e-05 
     0.125709131   7.70575789e-05 
     0.141398832   7.64622673e-05 
     0.159044549   7.61539632e-05 
     0.178889558   7.52604319e-05 
     0.201207235   7.43676646e-05 
      0.22630474   7.31633409e-05 
     0.254527122   7.19601012e-05 
     0.286261946   7.13703048e-05 
     0.321944535   7.01830359e-05 
     0.362063527   6.89845619e-05 
     0.407167494   6.78013239e-05 
     0.457872003   6.60085207e-05 
     0.514867723   6.33070595e-05 
     0.578929007   6.18331978e-05 
     0.650924087   5.97511971e-05 
     0.731825829    5.7387264e-05 
     0.822723687   5.47028212e-05 
     0.924837351   5.17245899e-05 
      1.03953087   4.87657198e-05 
      1.16832948   4.49151812e-05 
      1.31293631   4.16577677e-05 
      1.47525203    3.8121223e-05 
      1.65739584   3.48912617e-05 
        1.861727   3.04565601e-05 
      2.09086895    2.6925185e-05 
      2.34773469   2.34222643e-05 
       2.6355536   1.92928546e-05 
      2.95789766   1.60551936e-05 
      3.31871057   1.28165493e-05 
      3.72233438   1.13642345e-05 
      4.17353678   1.10740129e-05 
      4.67753601   1.25301149e-05 
      5.24002075   1.66330592e-05 
      5.86716652   2.72095549e-05 
      6.56564426   4.51971136e-05 
      7.34261847   7.28614687e-05 
      8.20572948   0.000109309571 
      9.16306305   0.000151399872 
      10.2230911   0.000188154372 
      11.3945942   0.000215721637 
      12.6865425   0.000239047527 
      14.1079416   0.000261071749 
      15.6676378   0.000288280309 
      17.3740635   0.000324657653 
      19.2349377   0.000359840982 
      21.2569065   0.000380903221 
              23   0.000389059132 
      25.3505707   0.000364148931 
      27.8664379   0.000276691717 
              30   0.000156697934 
