#Data : Y - Lagrange strain

               0   2.66453526e-15 
   0.00100000005   0.000348087953 
   0.00118043262   0.000343751075 
    0.0013673763   0.000343737775 
   0.00156627491   0.000343750784 
   0.00178191485   0.000344349595 
   0.00201872922   0.000344349537 
   0.00228102878   0.000344049622 
   0.00257318164   0.000344348809 
   0.00289975922    0.00034372331 
   0.00326566119   0.000343722932 
    0.0036762259   0.000344347849 
   0.00413733535   0.000344047876 
    0.0046555195   0.000343435066 
   0.00523806131   0.000344033586 
   0.00589310797   0.000343733438 
   0.00662979484    0.00034373271 
    0.0074583739   0.000343731837 
   0.00839036331   0.000344030501 
   0.00943870749   0.000344029657 
    0.0106179575   0.000344028347 
    0.0119444784   0.000344027212 
    0.0134366732   0.000343712949 
    0.0151152387   0.000344023982 
    0.0170034543   0.000343722611 
    0.0191275049     0.0003437204 
    0.0215168409   0.000343418622 
    0.0242045838   0.000344028231 
    0.0272279941   0.000343399908 
    0.0306289755   0.000344021944 
    0.0344546586   0.000343705673 
    0.0387580544   0.000343701569 
    0.0435987748   0.000344009401 
    0.0490438752   0.000343691529 
    0.0551687516   0.000343685679 
    0.0620582029   0.000343679072 
    0.0698075816   0.000343984342 
    0.0785241053   0.000343663443 
    0.0883283466   0.000343354448 
    0.0993558392   0.000343344087 
        0.111759   0.000343332416 
     0.125709131    0.00034301987 
     0.141398832   0.000343304739 
     0.159044549   0.000343288411 
     0.178889558   0.000342970568 
     0.201207235   0.000343249703 
      0.22630474   0.000342914369 
     0.254527122   0.000343201886 
     0.286261946   0.000342874002 
     0.321944535   0.000342842948 
     0.362063527   0.000342808227 
     0.407167494   0.000342470448 
     0.457872003   0.000341815961 
     0.514867723   0.000341782579 
     0.578929007   0.000341718347 
     0.650924087   0.000341362611 
     0.731825829   0.000341001869 
     0.822723687   0.000340622471 
     0.924837351   0.000341175677 
      1.03953087   0.000340185768 
      1.16832948    0.00034010224 
      1.31293631   0.000339400664 
      1.47525203   0.000339332124 
      1.65739584   0.000338607235 
        1.861727   0.000337904028 
      2.09086895   0.000337496924 
      2.34773469   0.000337087346 
       2.6355536   0.000336377154 
      2.95789766    0.00033596743 
      3.31871057   0.000335260556 
      3.72233438   0.000334858778 
      4.17353678   0.000334152544 
      4.67753601   0.000333171629 
      5.24002075   0.000333109376 
      5.86716652   0.000335525256 
      6.56564426   0.000339788006 
      7.34261847   0.000345929526 
      8.20572948   0.000349681039 
      9.16306305   0.000347082329 
      10.2230911   0.000331139425 
      11.3945942    0.00028575692 
      12.6865425   0.000213547493 
      14.1079416   0.000139655138 
      15.6676378    0.00010991728 
      17.3740635   0.000117223739 
      19.2349377   0.000146746534 
      21.2569065   0.000202628595 
              23   0.000278872147 
      25.3505707   0.000348741742 
      27.8664379   0.000358947029 
              30   0.000332529133 
