#Data : Y - Lagrange strain

               0   2.66453526e-15 
   0.00100000005   0.000212799088 
   0.00118043262   0.000211625709 
    0.0013673763   0.000211313018 
   0.00156627491   0.000211925086 
   0.00178191485   0.000212224622 
   0.00201872922   0.000211612409 
   0.00228102878   0.000211925013 
   0.00257318164   0.000212224433 
   0.00289975922   0.000212224419 
   0.00326566119   0.000211625185 
    0.0036762259   0.000212224171 
   0.00413733535   0.000212224113 
    0.0046555195   0.000212223997 
   0.00523806131   0.000212223909 
   0.00589310797   0.000211911145 
   0.00662979484    0.00021192398 
    0.0074583739   0.000211923878 
   0.00839036331   0.000211910548 
   0.00943870749   0.000212222876 
    0.0106179575   0.000212522238 
    0.0119444784   0.000212222425 
    0.0134366732   0.000212208979 
    0.0151152387   0.000212221654 
    0.0170034543   0.000212520841 
    0.0191275049   0.000212220795 
    0.0215168409   0.000212506871 
    0.0242045838   0.000212818879 
    0.0272279941   0.000212818224 
    0.0306289755    0.00021281754 
    0.0344546586    0.00021311632 
    0.0387580544   0.000213727501 
    0.0435987748   0.000213726555 
    0.0490438752   0.000213712279 
    0.0551687516   0.000214323227 
    0.0620582029   0.000214621425 
    0.0698075816   0.000214619839 
    0.0785241053   0.000215217238 
    0.0883283466   0.000216127009 
    0.0993558392   0.000215812237 
        0.111759    0.00021640904 
     0.125709131   0.000217018533 
     0.141398832   0.000217927431 
     0.159044549   0.000218822868 
     0.178889558   0.000219418478 
     0.201207235   0.000220000729 
      0.22630474   0.000221207913 
     0.254527122   0.000222414601 
     0.286261946   0.000223907613 
     0.321944535   0.000225413169 
     0.362063527   0.000226605916 
     0.407167494   0.000228709905 
     0.457872003   0.000230826787 
     0.514867723   0.000232917242 
     0.578929007   0.000235619693 
     0.650924087   0.000238934255 
     0.731825829   0.000242235867 
     0.822723687   0.000245550909 
     0.924837351   0.000249765231 
      1.03953087   0.000253967475 
      1.16832948   0.000258483662 
      1.31293631   0.000263913767 
      1.47525203   0.000269646058 
      1.65739584   0.000275668805 
        1.861727   0.000282022607 
      2.09086895   0.000289282529 
      2.34773469   0.000297152117 
       2.6355536   0.000305036927 
      2.95789766   0.000313257129 
      3.31871057   0.000323336804 
      3.72233438    0.00033226423 
      4.17353678   0.000341610721 
      4.67753601   0.000352079136 
      5.24002075   0.000362852094 
      5.86716652   0.000379035802 
      6.56564426   0.000422039477 
      7.34261847   0.000502491777 
      8.20572948   0.000574330683 
      9.16306305   0.000605301699 
      10.2230911   0.000590323703 
      11.3945942   0.000485444849 
      12.6865425   0.000304209389 
      14.1079416   0.000264845323 
      15.6676378   0.000250013458 
      17.3740635   0.000252711528 
      19.2349377   0.000400897203 
      21.2569065   0.000470341387 
              23   0.000425515871 
      25.3505707   0.000373778923 
      27.8664379   0.000304039131 
              30     0.0001912226 
