#Data : Y - Lagrange strain

               0   2.66453526e-15 
   0.00100000005   0.000302704691 
   0.00118043262   0.000309900672 
    0.0013673763   0.000309900031 
   0.00156627491   0.000310212694 
   0.00178191485   0.000309900031 
   0.00201872922   0.000309900177 
   0.00228102878   0.000309900206 
   0.00257318164   0.000309900293 
   0.00289975922    0.00030990041 
   0.00326566119   0.000310212868 
    0.0036762259   0.000309900439 
   0.00413733535   0.000310199917 
    0.0046555195    0.00030990041 
   0.00523806131   0.000309587864 
   0.00589310797   0.000310213218 
   0.00662979484   0.000310213305 
    0.0074583739   0.000309900701 
   0.00839036331   0.000309900905 
   0.00943870749   0.000309900934 
    0.0106179575    0.00031020079 
    0.0119444784   0.000309901312 
    0.0134366732   0.000310214091 
    0.0151152387   0.000309901661 
    0.0170034543   0.000310214469 
    0.0191275049   0.000309902069 
    0.0215168409   0.000309902331 
    0.0242045838    0.00030990268 
    0.0272279941   0.000309902971 
    0.0306289755   0.000310215954 
    0.0344546586   0.000309903786 
    0.0387580544   0.000309904164 
    0.0435987748   0.000309904717 
    0.0490438752   0.000309905212 
    0.0551687516   0.000309906027 
    0.0620582029   0.000310219271 
    0.0698075816   0.000310220232 
    0.0785241053    0.00030959578 
    0.0883283466   0.000309596973 
    0.0993558392   0.000310223433 
        0.111759   0.000309599418 
     0.125709131   0.000310226373 
     0.141398832   0.000310227886 
     0.159044549   0.000309917203 
     0.178889558   0.000310218806 
     0.201207235   0.000310234318 
      0.22630474    0.00031022387 
     0.254527122   0.000310213683 
     0.286261946   0.000310230185 
     0.321944535   0.000310546486 
     0.362063527   0.000310237956 
     0.407167494   0.000310229516 
     0.457872003   0.000310560252 
     0.514867723   0.000310552947 
     0.578929007   0.000310572388 
     0.650924087   0.000310878939 
     0.731825829   0.000310274423 
     0.822723687   0.000310283096 
     0.924837351   0.000311204349 
      1.03953087   0.000311214419 
      1.16832948    0.00031091299 
      1.31293631   0.000311550539 
      1.47525203   0.000311563694 
      1.65739584   0.000311577809 
        1.861727   0.000310967414 
      2.09086895   0.000311608514 
      2.34773469   0.000310999691 
       2.6355536   0.000311328913 
      2.95789766   0.000311345328 
      3.31871057   0.000311361247 
      3.72233438   0.000311375334 
      4.17353678   0.000310801057 
      4.67753601    0.00031050932 
      5.24002075   0.000309904193 
      5.86716652   0.000310562493 
      6.56564426   0.000311242533 
      7.34261847   0.000311924319 
      8.20572948   0.000311645359 
      9.16306305   0.000307886396 
      10.2230911   0.000297470106 
      11.3945942   0.000278923224 
      12.6865425   0.000252083992 
      14.1079416    0.00021302719 
      15.6676378   0.000155741218 
      17.3740635   7.18800511e-05 
      19.2349377  -7.53396819e-07 
      21.2569065  -3.84436098e-05 
              23  -5.29729186e-05 
      25.3505707  -3.04019868e-05 
      27.8664379   7.21448087e-05 
              30   0.000261462497 
