#Data : Y - Lagrange strain

               0   2.66453526e-15 
   0.00100000005   0.000309388677 
   0.00118043262   0.000306735572 
    0.0013673763   0.000307356531 
   0.00156627491   0.000307066279 
   0.00178191485    0.00030797525 
   0.00201872922   0.000308285846 
   0.00228102878   0.000308910734 
   0.00257318164   0.000309224415 
   0.00289975922   0.000309839466 
   0.00326566119   0.000309844327 
    0.0036762259   0.000310776639 
   0.00413733535   0.000311998214 
    0.0046555195   0.000312623946 
   0.00523806131   0.000313566212 
   0.00589310797   0.000314799312 
   0.00662979484   0.000315751269 
    0.0074583739   0.000316983118 
   0.00839036331   0.000318863196 
   0.00943870749   0.000320415071 
    0.0106179575   0.000322601787 
    0.0119444784   0.000324794615 
    0.0134366732   0.000326372596 
    0.0151152387   0.000327941496 
    0.0170034543   0.000328915135 
    0.0191275049   0.000330157782 
    0.0215168409   0.000331438525 
    0.0242045838   0.000331466465 
    0.0272279941   0.000332723808 
    0.0306289755   0.000335248798 
    0.0344546586    0.00033839533 
    0.0387580544   0.000340002502 
    0.0435987748   0.000343131222 
    0.0490438752   0.000345070031 
    0.0551687516   0.000347613299 
    0.0620582029   0.000348285364 
    0.0698075816   0.000348961592 
    0.0785241053   0.000350239716 
    0.0883283466   0.000349994167 
    0.0993558392   0.000350699702 
        0.111759   0.000350507878 
     0.125709131   0.000351402588 
     0.141398832   0.000348711823 
     0.159044549   0.000344654574 
     0.178889558   0.000336985511 
     0.201207235   0.000324980472 
      0.22630474   0.000294460158 
     0.254527122   0.000245885109 
     0.286261946   0.000214204571 
     0.321944535   0.000159766059 
     0.362063527   0.000118438766 
     0.407167494   0.000152929555 
     0.457872003   0.000264724193 
     0.514867723   0.000349367299 
     0.578929007   0.000300600717 
     0.650924087   0.000325729139 
     0.731825829   0.000349078065 
     0.822723687   0.000331174931 
     0.924837351    0.00021229175 
      1.03953087   0.000160396157 
       1.1566205    0.00035130608 
      1.29144943   0.000334310549 
      1.44519186   0.000333598262 
      1.61943042   0.000124551007 
      1.76247823   0.000343349966 
      1.93916845   0.000341028062 
      2.14886451   0.000254950457 
      2.39215946   0.000341440667 
      2.67063332   0.000349504204 
      2.98668623   0.000217958353 
      3.34343076   0.000343809457 
      3.74462032   0.000303381734 
      4.19460726   0.000125783889 
      4.69831753   0.000242083668 
      5.26123667   0.000334061973 
      5.88939857   0.000331087766 
      6.58937836   0.000255400868 
      7.36827421   0.000130696862 
      8.07633781   0.000289823161 
      8.90587902   0.000321704458 
      9.85641289   0.000159015981 
      10.8326645   0.000343385764 
      11.9535637   0.000341567473 
      13.2195253   0.000335047662 
      14.6333666    0.00034759994 
      16.1994114   0.000122405807 
      17.6094055   0.000341937208 
      19.2380486   0.000279437692 
      21.0742912   0.000336041965 
              23   0.000291365199 
      25.2291222   0.000336122524 
      27.6461201   0.000195390472 
              30   0.000313873868 
