#Data : Y - Lagrange strain

               0   2.66453526e-15 
   0.00100000005   0.000321175903 
   0.00118043262   0.000318498263 
    0.0013673763    0.00031910796 
   0.00156627491   0.000319119281 
   0.00178191485    0.00031941841 
   0.00201872922    0.00031974481 
   0.00228102878   0.000320059858 
   0.00257318164   0.000320976018 
   0.00289975922   0.000320995838 
   0.00326566119   0.000321617554 
    0.0036762259   0.000322854583 
   0.00413733535   0.000323183544 
    0.0046555195    0.00032380328 
   0.00523806131   0.000325353118 
   0.00589310797   0.000326609385 
   0.00662979484   0.000326947833 
    0.0074583739   0.000329431845 
   0.00839036331   0.000330092997 
   0.00943870749   0.000332593103 
    0.0106179575   0.000334808079 
    0.0119444784   0.000337332604 
    0.0134366732   0.000339555816 
    0.0151152387   0.000341475417 
    0.0170034543   0.000342762913 
    0.0191275049   0.000344661123 
    0.0215168409   0.000345314736 
    0.0242045838   0.000345311593 
    0.0272279941    0.00034501031 
    0.0306289755   0.000345648004 
    0.0344546586   0.000346634595 
    0.0387580544   0.000348561647 
    0.0435987748   0.000350492337 
    0.0490438752   0.000352417846 
    0.0551687516   0.000353396317 
    0.0620582029   0.000353426323 
    0.0698075816   0.000354388991 
    0.0785241053   0.000354711985 
    0.0883283466   0.000356286269 
    0.0993558392   0.000355078781 
        0.111759   0.000355120137 
     0.125709131    0.00035483652 
     0.141398832   0.000354665157 
     0.159044549   0.000355686294 
     0.178889558   0.000353324082 
     0.201207235   0.000346075569 
      0.22630474   0.000319829938 
     0.254527122   0.000274060993 
     0.286261946   0.000181314681 
     0.321944535   0.000107768567 
     0.362063527   4.19509306e-05 
     0.407167494   3.38950558e-05 
     0.457872003   0.000149485539 
     0.514867723   0.000316563441 
     0.578929007   0.000346723129 
     0.650924087   0.000289546821 
     0.731825829    0.00034887268 
     0.822723687   0.000355487777 
     0.924837351   0.000308539689 
      1.03953087   6.73558825e-05 
      1.16832948   0.000200191833 
      1.31293631    0.00031015891 
      1.47525203   0.000356031756 
      1.65739584   0.000216994391 
        1.861727   0.000222308081 
      2.09086895   0.000344671949 
      2.34773469   0.000228621575 
       2.6355536   0.000347264198 
      2.95789766   0.000348175701 
      3.31871057   0.000353141804 
      3.72233438   0.000244496478 
      4.17353678   0.000351012888 
      4.67753601   0.000341731793 
      5.24002075    6.0146529e-05 
      5.86716652    7.4833777e-05 
      6.56564426   6.10453353e-05 
      7.34261847   0.000210615399 
      8.20572948   0.000285573042 
      9.16306305   0.000313363853 
      10.2230911   0.000313149387 
      11.3945942   6.55350668e-05 
      12.6865425   0.000126375933 
      14.1079416   4.90933235e-05 
      15.5258474   6.70346926e-05 
      16.9711189   0.000240864261 
      18.6145477   0.000356442441 
      20.4503803   0.000286102906 
      22.4752045   0.000194135384 
              23   0.000149484331 
      25.3690376   0.000289859541 
      27.8999386   0.000105629704 
              30   0.000199501883 
