#Data : Y - Lagrange strain

               0   2.66453526e-15 
   0.00100000005   9.10703384e-05 
   0.00118043262   0.000110509958 
    0.0013673763   0.000110209061 
   0.00156627491   0.000110220739 
   0.00178191485   0.000109906614 
   0.00201872922   0.000109605513 
   0.00228102878   0.000109603723 
   0.00257318164   0.000109276174 
   0.00289975922   0.000109599721 
   0.00326566119   0.000108685868 
    0.0036762259   0.000108996035 
   0.00413733535   0.000108381319 
    0.0046555195    0.00010839157 
   0.00523806131   0.000107463944 
   0.00589310797   0.000107773398 
   0.00662979484   0.000107171079 
    0.0074583739   0.000106868159 
   0.00839036331   0.000106265565 
   0.00943870749    0.00010564988 
    0.0106179575   0.000105646446 
    0.0119444784   0.000104744788 
    0.0134366732   0.000104442908 
    0.0151152387   0.000104128769 
    0.0170034543   0.000103828992 
    0.0191275049   0.000104742299 
    0.0215168409   0.000105346699 
    0.0242045838   0.000106868058 
    0.0272279941   0.000108069544 
    0.0306289755   0.000110815541 
    0.0344546586   0.000113846916 
    0.0387580544     0.0001187464 
    0.0435987748   0.000123932463 
    0.0490438752   0.000132213274 
    0.0551687516   0.000143011566 
    0.0620582029   0.000154789435 
    0.0698075816   0.000168523635 
    0.0785241053   0.000185479847 
    0.0883283466   0.000204401134 
    0.0993558392   0.000226509757 
        0.111759   0.000254951156 
     0.125709131   0.000284091511 
     0.141398832   0.000314892503 
     0.159044549   0.000336686528 
     0.178889558    0.00034711248 
     0.201207235   0.000337747915 
      0.22630474   0.000310238946 
     0.254527122   0.000286176975 
     0.286261946   0.000288307754 
     0.321944535   0.000335576857 
     0.362063527   0.000340017519 
     0.407167494   0.000340412633 
     0.457872003   0.000343460299 
     0.514867723   0.000321305328 
     0.578929007   0.000240952257 
     0.650924087   0.000125779086 
     0.731825829    0.00019812207 
     0.822723687   0.000350366463 
     0.924837351   0.000287690753 
      1.03953087   0.000340675848 
      1.16832948   0.000322571024 
      1.31293631   0.000108377608 
      1.47525203   0.000349837734 
      1.65739584   0.000339392573 
        1.861727   0.000278798892 
      2.09086895   0.000314096222 
      2.34773469   0.000340423867 
       2.6355536   0.000138683274 
      2.86998582   0.000287429633 
      3.15751934    0.00027032994 
      3.49715662   0.000292808836 
      3.88975072   0.000150297667 
      4.05261135   0.000344918575 
      4.32200527   0.000344353874 
      4.68536663   0.000325940113 
      5.13559198   0.000239867644 
      5.66963339   0.000344492699 
      6.28748989    0.00034292732 
      6.99148369   0.000338510086 
      7.78572702   0.000154480746 
      8.67572975   0.000292147772 
      9.66808796   0.000244086797 
      10.7702255   0.000335556251 
      11.9901667   0.000334926677 
      13.3363018   0.000339718681 
      14.8171482   0.000283136003 
      16.4410744   0.000338041282 
      18.2159996   0.000105340216 
      20.1490269   0.000141771132 
      22.2460537   0.000321922853 
              23   0.000295383943 
      25.4121952    0.00015262184 
      27.9782276   0.000127307969 
              30   0.000196248569 
