#Data : Y - Lagrange strain

               0   2.66453526e-15 
  9.99999975e-05   0.000307569484 
  0.000118043456   0.000305189373 
  0.000139342577   0.000305190391 
   0.00016448478   0.000304904941 
  0.000194163498   0.000305205875 
  0.000229197263   0.000304894726 
  0.000270552293   0.000305209251 
  0.000319369195   0.000304898887 
  0.000376994285    0.00030550058 
  0.000445016834   0.000305503636 
  0.000525312906   0.000306119502 
  0.000620097038    0.00030551161 
  0.000722474302   0.000305815804 
  0.000830447767   0.000306133414 
  0.000946794578   0.000306438335 
   0.00107403856   0.000306131609 
   0.00121459202   0.000306437549 
   0.00137086515   0.000307356793 
   0.00154535309   0.000307065289 
   0.00174070953   0.000307360926 
   0.00195981027   0.000307983544 
   0.00220581284   0.000308594375 
   0.00248221378   0.000309219991 
   0.00279290741   0.000309221999 
   0.00314224651   0.000310150877 
   0.00353510748   0.000310470059 
   0.00397696206   0.000311091309 
   0.00447395537   0.000312315067 
   0.00503299292   0.000312943157 
   0.00566183729   0.000314187811 
    0.0063692173   0.000315124867 
   0.00716494909   0.000316666643 
   0.00806007348   0.000317917875 
   0.00906700827   0.000319791754 
    0.0101997219   0.000321975473 
    0.0114739239    0.00032385427 
    0.0129072871   0.000325733999 
    0.0145196896   0.000327019516 
    0.0163334925   0.000328282855 
    0.0183738433   0.000329838542 
    0.0206690338   0.000330496521 
    0.0232508834   0.000331452757 
    0.0261551812   0.000332098803 
    0.0294221845   0.000334006152 
    0.0330971666   0.000337131496 
    0.0372310504   0.000339665479 
    0.0418811142   0.000341877923 
    0.0471117608   0.000344117172 
    0.0529954359   0.000347296358 
    0.0596135966    0.00034794581 
    0.0670578554   0.000348940637 
    0.0754312202   0.000349607959 
    0.0848495215   0.000349978131 
     0.095442988   0.000349735696 
     0.107358053   0.000350132555 
     0.120759323   0.000350640767 
     0.135831833   0.000350411457 
     0.152783573   0.000346294604 
     0.171848312   0.000339069811 
     0.193288743   0.000330645067 
     0.217400044    0.00030854228 
     0.244513854   0.000266402058 
     0.275002658   0.000224010306 
     0.309284836   0.000180749819 
     0.347830117   0.000128843341 
     0.391165882   0.000129154432 
     0.439883977    0.00022338242 
     0.494648367   0.000336323166 
     0.556203842   0.000333172502 
     0.625385463    0.00028555133 
     0.703128934   0.000346730783 
     0.790482581   0.000345103705 
       0.8886199    0.00024169714 
     0.998854041   0.000123024773 
               1    0.00012271927 
