#Data : Y - Lagrange strain

               0   2.66453526e-15 
   0.00100000005   0.000382933678 
   0.00118043262   0.000383437553 
    0.0013673763   0.000383436301 
   0.00156627491   0.000383435079 
   0.00178191485   0.000383733335 
   0.00201872922   0.000383432256 
   0.00228102878   0.000383430481 
   0.00257318164   0.000383428705 
   0.00289975922   0.000383126957 
   0.00326566119   0.000383424253 
    0.0036762259   0.000383122009 
   0.00413733535   0.000383418752 
    0.0046555195   0.000383428618 
   0.00523806131   0.000383111968 
   0.00589310797   0.000382495695 
   0.00662979484   0.000383103179 
    0.0074583739   0.000382798346 
   0.00839036331    0.00038279235 
   0.00943870749   0.000382173544 
    0.0106179575   0.000382478669 
    0.0119444784   0.000382170605 
    0.0134366732   0.000381861551 
    0.0151152387   0.000381850987 
    0.0170034543   0.000381838996 
    0.0191275049   0.000380913581 
    0.0215168409   0.000381211255 
    0.0242045838   0.000380282494 
    0.0272279941   0.000379963778 
    0.0306289755   0.000379642821 
    0.0344546586   0.000378719968 
    0.0387580544   0.000378080615 
    0.0435987748   0.000377451273 
    0.0490438752   0.000376505544 
    0.0551687516   0.000376167794 
    0.0620582029   0.000374926778 
    0.0698075816   0.000373980147 
    0.0785241053   0.000373027782 
    0.0883283466   0.000371457019 
    0.0993558392   0.000369266578 
        0.111759   0.000367693574 
     0.125709131    0.00036611181 
     0.141398832   0.000364207837 
     0.159044549   0.000361394283 
     0.178889558   0.000358269288 
     0.201207235   0.000355430966 
      0.22630474   0.000351979164 
     0.254527122   0.000348211877 
     0.286261946   0.000343815802 
     0.321944535   0.000338489161 
     0.362063527   0.000333168835 
     0.407167494   0.000327514223 
     0.457872003   0.000320625462 
     0.514867723   0.000312826509 
     0.578929007   0.000304076937 
     0.650924087    0.00029501383 
     0.731825829   0.000284111738 
     0.822723687   0.000272581063 
     0.924837351   0.000259521796 
      1.03953087   0.000246131443 
      1.16832948   0.000229987025 
      1.31293631   0.000213225067 
      1.47525203   0.000194312961 
      1.65739584   0.000174172339 
        1.861727   0.000153181812 
      2.09086895   0.000129799562 
      2.34773469   0.000106895517 
       2.6355536   8.47825431e-05 
      2.95789766   6.46675398e-05 
      3.31871057   4.80094313e-05 
      3.72233438   3.47626446e-05 
      4.17353678   2.38963312e-05 
      4.67753601   1.74772867e-05 
      5.24002075   1.78069076e-05 
      5.86716652   3.33112075e-05 
      6.56564426    7.1898452e-05 
      7.34261847   0.000143334764 
      8.20572948   0.000234672349 
      9.16306305   0.000320997759 
      10.2230911   0.000374292489 
      11.3945942     0.0003891956 
      12.6865425   0.000380869344 
      14.1079416   0.000363703759 
      15.6676378   0.000360062317 
      17.3740635   0.000375693227 
      19.2349377   0.000376332813 
      21.2569065   0.000272138161 
              23   9.05380803e-05 
      25.3505707  -8.80669268e-06 
      27.8664379    8.8428962e-05 
              30   0.000348581612 
