#Data : Y - Lagrange strain

               0   2.66453526e-15 
   0.00100000005   0.000307882437 
   0.00118043262   0.000304897694 
    0.0013673763   0.000304897752 
   0.00156627491   0.000304884627 
   0.00178191485    0.00030519726 
   0.00201872922   0.000304585119 
   0.00228102878   0.000304897694 
   0.00257318164    0.00030458509 
   0.00289975922   0.000304884685 
   0.00326566119   0.000304585119 
    0.0036762259   0.000304585206 
   0.00413733535   0.000304585235 
    0.0046555195   0.000304572139 
   0.00523806131   0.000305197464 
   0.00589310797   0.000304884859 
   0.00662979484   0.000304884976 
    0.0074583739   0.000304585381 
   0.00839036331    0.00030457243 
   0.00943870749    0.00030488515 
    0.0106179575   0.000304885209 
    0.0119444784   0.000304885296 
    0.0134366732   0.000304885441 
    0.0151152387   0.000305198133 
    0.0170034543   0.000304572895 
    0.0191275049   0.000305497932 
    0.0215168409   0.000304573245 
    0.0242045838   0.000305198744 
    0.0272279941   0.000304899353 
    0.0306289755   0.000305199123 
    0.0344546586    0.00030488678 
    0.0387580544   0.000305199617 
    0.0435987748   0.000304574758 
    0.0490438752   0.000304887682 
    0.0551687516    0.00030488809 
    0.0620582029   0.000305487687 
    0.0698075816   0.000305800844 
    0.0785241053   0.000305488735 
    0.0883283466   0.000305802183 
    0.0993558392   0.000305802881 
        0.111759   0.000305491092 
     0.125709131    0.00030580454 
     0.141398832   0.000305792753 
     0.159044549   0.000305806956 
     0.178889558   0.000306407397 
     0.201207235    0.00030670868 
      0.22630474   0.000306410773 
     0.254527122   0.000306712376 
     0.286261946   0.000306714734 
     0.321944535   0.000307316426 
     0.362063527   0.000307619106 
     0.407167494   0.000307922106 
     0.457872003   0.000308238756 
     0.514867723   0.000308529707 
     0.578929007   0.000309147144 
     0.650924087   0.000310065079 
     0.731825829   0.000310358737 
     0.822723687   0.000310966017 
     0.924837351   0.000311887445 
      1.03953087   0.000312484539 
      1.16832948   0.000312497694 
      1.31293631    0.00031463636 
      1.47525203   0.000314941281 
      1.65739584   0.000316174555 
        1.861727   0.000317099533 
      2.09086895   0.000318629056 
      2.34773469   0.000319566432 
       2.6355536   0.000321437226 
      2.95789766   0.000322680746 
      3.31871057   0.000324577326 
      3.72233438   0.000325542089 
      4.17353678   0.000327171409 
      4.67753601   0.000328524213 
      5.24002075   0.000329322123 
      5.86716652   0.000330871728 
      6.56564426    0.00033265198 
      7.34261847   0.000333515956 
      8.20572948   0.000334497396 
      9.16306305   0.000333324424 
      10.2230911   0.000325733621 
      11.3945942   0.000309578667 
      12.6865425   0.000283306843 
      14.1079416   0.000250313664 
      15.6676378    0.00021355119 
      17.3740635   0.000163806122 
      19.2349377   0.000119353193 
      21.2569065   0.000114782393 
              23   0.000140851931 
      25.3505707   0.000189546365 
      27.8664379   0.000250504876 
              30   0.000314179168 
