#Data : Y - Lagrange strain

               0   2.66453526e-15 
   0.00100000005   0.000318692444 
   0.00118043262   0.000316936203 
    0.0013673763   0.000316623802 
   0.00156627491   0.000316311285 
   0.00178191485   0.000316624035 
   0.00201872922   0.000316311576 
   0.00228102878   0.000316937163 
   0.00257318164   0.000316924328 
   0.00289975922    0.00031692459 
   0.00326566119   0.000316625374 
    0.0036762259    0.00031692523 
   0.00413733535   0.000316626072 
    0.0046555195   0.000316926016 
   0.00523806131   0.000316939608 
   0.00589310797   0.000316640479 
   0.00662979484   0.000317240396 
    0.0074583739    0.00031661574 
   0.00839036331   0.000317541504 
   0.00943870749   0.000317242695 
    0.0106179575   0.000317230501 
    0.0119444784   0.000317231606 
    0.0134366732    0.00031662063 
    0.0151152387   0.000317247352 
    0.0170034543   0.000316623627 
    0.0191275049   0.000317550206 
    0.0215168409   0.000316926918 
    0.0242045838   0.000317228754 
    0.0272279941   0.000317543949 
    0.0306289755   0.000317546772 
    0.0344546586   0.000318162289 
    0.0387580544   0.000318165927 
    0.0435987748   0.000318768958 
    0.0490438752    0.00031847402 
    0.0551687516   0.000318765582 
    0.0620582029   0.000318771432 
    0.0698075816   0.000319077488 
    0.0785241053   0.000319384504 
    0.0883283466   0.000320317689 
    0.0993558392   0.000320626539 
        0.111759    0.00032093667 
     0.125709131   0.000321234897 
     0.141398832   0.000322147069 
     0.159044549   0.000323386688 
     0.178889558   0.000323690299 
     0.201207235   0.000324608351 
      0.22630474   0.000324929541 
     0.254527122   0.000326478301 
     0.286261946   0.000327704445 
     0.321944535   0.000328934257 
     0.362063527   0.000330480805 
     0.407167494   0.000331719406 
     0.457872003   0.000333875389 
     0.514867723   0.000335737743 
     0.578929007   0.000337893551 
     0.650924087   0.000339744583 
     0.731825829   0.000342555548 
     0.822723687   0.000345037784 
     0.924837351   0.000347844121 
      1.03953087   0.000351561815 
      1.16832948   0.000355007272 
      1.31293631   0.000357530429 
      1.47525203   0.000361307873 
      1.65739584   0.000364790962 
        1.861727   0.000368604931 
      2.09086895    0.00037181197 
      2.34773469   0.000374748372 
       2.6355536   0.000377409684 
      2.95789766   0.000378237717 
      3.31871057   0.000378170778 
      3.72233438   0.000375951466 
      4.17353678   0.000371291884 
      4.67753601   0.000362303428 
      5.24002075   0.000346825516 
      5.86716652   0.000315244426 
      6.56564426   0.000262089889 
      7.34261847   0.000191418832 
      8.20572948   0.000116910604 
      9.16306305   6.63948595e-05 
      10.2230911   5.23621784e-05 
      11.3945942   8.59469437e-05 
      12.6865425   0.000185617726 
      14.1079416   0.000302638364 
      15.6676378   0.000362308521 
      17.3740635    0.00037553368 
      19.2349377   0.000363159284 
      21.2569065   0.000334869255 
              23   0.000291829609 
      25.3505707   0.000244024137 
      27.8664379    0.00021631924 
              30   0.000199524118 
