#Data : Y - Lagrange strain

               0   2.66453526e-15 
   0.00100000005   0.000108056032 
   0.00118043262   0.000111118985 
    0.0013673763    0.00011173122 
   0.00156627491    0.00011173138 
   0.00178191485   0.000111418936 
   0.00201872922   0.000110807006 
   0.00228102878   0.000111119807 
   0.00257318164   0.000111419511 
   0.00289975922   0.000111419751 
   0.00326566119   0.000111120506 
    0.0036762259   0.000111732916 
   0.00413733535   0.000111733323 
    0.0046555195   0.000111421105 
   0.00523806131   0.000111721049 
   0.00589310797   0.000111734604 
   0.00662979484   0.000111409478 
    0.0074583739   0.000111423236 
   0.00839036331    0.00011172345 
   0.00943870749   0.000111724235 
    0.0106179575   0.000112337279 
    0.0119444784   0.000112038782 
    0.0134366732   0.000112039939 
    0.0151152387   0.000112327674 
    0.0170034543   0.000112342255 
    0.0191275049   0.000112643414 
    0.0215168409   0.000112944756 
    0.0242045838    0.00011294696 
    0.0272279941   0.000112636786 
    0.0306289755   0.000113551221 
    0.0344546586   0.000113866896 
    0.0387580544   0.000113245304 
    0.0435987748   0.000113861446 
    0.0490438752   0.000114777751 
    0.0551687516   0.000115082541 
    0.0620582029   0.000115687581 
    0.0698075816   0.000115694522 
    0.0785241053   0.000116913674 
    0.0883283466   0.000116909789 
    0.0993558392   0.000117831987 
        0.111759   0.000118443262 
     0.125709131   0.000119655502 
     0.141398832   0.000119971497 
     0.159044549   0.000121813879 
     0.178889558   0.000122721758 
     0.201207235     0.0001242586 
      0.22630474   0.000126086437 
     0.254527122   0.000127633291 
     0.286261946   0.000130085129 
     0.321944535   0.000132844201 
     0.362063527   0.000134700836 
     0.407167494   0.000138704039 
     0.457872003   0.000142081757 
     0.514867723   0.000145786733 
     0.578929007   0.000150107677 
     0.650924087   0.000155372225 
     0.731825829   0.000160631258 
     0.822723687    0.00016682384 
     0.924837351   0.000173637716 
      1.03953087   0.000181996904 
      1.16832948     0.0001897373 
      1.31293631   0.000199017508 
      1.47525203   0.000209207676 
      1.65739584   0.000220314803 
        1.861727   0.000232306484 
      2.09086895   0.000245214411 
      2.34773469   0.000258392858 
       2.6355536   0.000272458798 
      2.95789766   0.000286478229 
      3.31871057   0.000300765969 
      3.72233438   0.000314996316 
      4.17353678   0.000327655172 
      4.67753601   0.000338698126 
      5.24002075   0.000348435307 
      5.86716652   0.000350616203 
      6.56564426   0.000346595712 
      7.34261847   0.000335326709 
      8.20572948   0.000317280646 
      9.16306305   0.000297972874 
      10.2230911    0.00028040327 
      11.3945942   0.000256120838 
      12.6865425   0.000224119853 
      14.1079416   0.000204491051 
      15.6676378   0.000218915477 
      17.3740635    0.00027038774 
      19.2349377   0.000325891364 
      21.2569065   0.000336673838 
              23   0.000318063889 
      25.3505707   0.000285297545 
      27.8664379   0.000239507965 
              30   0.000195871849 
